0.5, 33, 15
0.51, 103, 69
0.52, 45, 108
0.53, 53, 66
0.54, 54, 100
0.55, 66, 72
0.56, 69, 61
0.57, 86, 64
0.58, 53, 52
0.59, 68, 81
0.6, 61, 78
0.61, 45, 80
0.62, 80, 46
0.63, 55, 56
0.64, 42, 58
0.65, 69, 55
0.66, 71, 64
0.67, 76, 75
0.68, 63, 54
0.69, 41, 44
0.7, 74, 55
0.71, 68, 111
0.72, 41, 103
0.73, 75, 130
0.74, 67, 56
0.75, 51, 40
0.76, 86, 55
0.77, 69, 62
0.78, 104, 38
0.79, 91, 74
0.8, 71, 49
0.81, 108, 76
0.82, 105, 96
0.83, 152, 43
0.84, 90, 73
0.85, 107, 57
0.86, 117, 62
0.87, 87, 119
0.88, 113, 70
0.89, 73, 47
0.9, 131, 55
0.91, 158, 64
0.92, 105, 103
0.93, 108, 105
0.94, 123, 53
0.95, 108, 53
0.96, 114, 55
0.97, 127, 64
0.98, 177, 110
0.99, 263, 115
1.0, 1273, 156
