0.5, 15, 49
0.51, 64, 87
0.52, 82, 61
0.53, 61, 132
0.54, 59, 118
0.55, 91, 62
0.56, 87, 73
0.57, 81, 107
0.58, 161, 83
0.59, 105, 64
0.6, 103, 109
0.61, 48, 70
0.62, 47, 45
0.63, 103, 78
0.64, 83, 92
0.65, 141, 54
0.66, 107, 98
0.67, 101, 104
0.68, 75, 80
0.69, 58, 77
0.7, 119, 81
0.71, 83, 58
0.72, 67, 114
0.73, 102, 78
0.74, 87, 55
0.75, 95, 96
0.76, 91, 122
0.77, 138, 69
0.78, 67, 107
0.79, 106, 66
0.8, 155, 77
0.81, 153, 66
0.82, 120, 78
0.83, 109, 117
0.84, 152, 90
0.85, 103, 107
0.86, 110, 56
0.87, 110, 89
0.88, 101, 60
0.89, 110, 92
0.9, 118, 86
0.91, 109, 88
0.92, 110, 82
0.93, 106, 68
0.94, 93, 92
0.95, 83, 101
0.96, 75, 82
0.97, 100, 90
0.98, 106, 69
0.99, 148, 99
1.0, 168, 72
