0.5, 56, 42
0.51, 86, 76
0.52, 82, 96
0.53, 91, 92
0.54, 145, 88
0.55, 101, 69
0.56, 103, 74
0.57, 78, 75
0.58, 95, 71
0.59, 133, 75
0.6, 111, 75
0.61, 93, 76
0.62, 105, 72
0.63, 130, 67
0.64, 112, 91
0.65, 92, 76
0.66, 89, 51
0.67, 125, 56
0.68, 139, 46
0.69, 171, 41
0.7, 98, 56
0.71, 166, 57
0.72, 168, 60
0.73, 122, 65
0.74, 124, 61
0.75, 147, 45
0.76, 108, 39
0.77, 171, 49
0.78, 93, 39
0.79, 136, 36
0.8, 135, 47
0.81, 170, 28
0.82, 131, 33
0.83, 199, 21
0.84, 95, 29
0.85, 124, 20
0.86, 164, 26
0.87, 118, 15
0.88, 135, 30
0.89, 110, 12
0.9, 138, 17
0.91, 88, 15
0.92, 128, 19
0.93, 161, 12
0.94, 118, 19
0.95, 129, 19
0.96, 153, 15
0.97, 153, 5
0.98, 166, 4
0.99, 264, 4
1.0, 661, 2
