0.5, 87, 82
0.51, 124, 145
0.52, 134, 137
0.53, 146, 122
0.54, 135, 156
0.55, 130, 141
0.56, 153, 117
0.57, 141, 87
0.58, 132, 105
0.59, 189, 103
0.6, 153, 92
0.61, 135, 92
0.62, 146, 99
0.63, 135, 76
0.64, 118, 90
0.65, 145, 104
0.66, 163, 91
0.67, 144, 74
0.68, 171, 93
0.69, 196, 84
0.7, 160, 83
0.71, 152, 68
0.72, 144, 65
0.73, 116, 68
0.74, 159, 49
0.75, 145, 38
0.76, 149, 42
0.77, 151, 54
0.78, 162, 39
0.79, 199, 44
0.8, 106, 45
0.81, 155, 44
0.82, 135, 33
0.83, 99, 42
0.84, 119, 22
0.85, 136, 30
0.86, 113, 23
0.87, 109, 23
0.88, 113, 17
0.89, 114, 18
0.9, 79, 18
0.91, 110, 15
0.92, 65, 10
0.93, 100, 8
0.94, 61, 6
0.95, 72, 7
0.96, 70, 3
0.97, 41, 0
0.98, 34, 7
0.99, 34, 0
1.0, 28, 0
